camera_matrix:
- - 909.6648559570312
  - 0.0
  - 636.739013671875
- - 0.0
  - 909.5330200195312
  - 376.3500061035156
- - 0.0
  - 0.0
  - 1.0
distortion_coefficients:
- 0.0
- 0.0
- 0.0
- 0.0
- 0.0
source: Manual
timestamp: '20251023_144355'
