camera_matrix:
- - 643.6504516601562
  - 0.0
  - 640.3016357421875
- - 0.0
  - 642.7399291992188
  - 364.9871826171875
- - 0.0
  - 0.0
  - 1.0
distortion_coefficients:
- -0.05550872161984444
- 0.06422378122806549
- -0.000435956142609939
- 0.0002629298251122236
- -0.02034985087811947
source: Manual
timestamp: '20251023_151553'
