calibration_info:
  board_size:
  - 6
  - 4
  square_size_mm: 50.0
camera_matrix:
- - 898.5195922851562
  - 0.0
  - 652.4507446289062
- - 0.0
  - 898.4907836914062
  - 376.7908935546875
- - 0.0
  - 0.0
  - 1.0
distortion_coefficients:
- 0.09539764374494553
- -0.18900324404239655
- -0.0005664896452799439
- -0.0009036035044118762
- 0.0
image_size:
- 1280
- 720
source: "\u6587\u4EF6: hand_camera_intrinsics.yaml"
timestamp: '20251016_231623'
